1528149943.01,-0.14208984375,1.00756835938,-0.035888671875,-2.44903564453,2.04467773438,-0.587463378906
1528149943.02,-0.13720703125,1.00708007812,-0.046630859375,-2.685546875,2.25830078125,-0.480651855469
1528149943.02,-0.14306640625,1.01245117188,-0.043212890625,-2.69317626953,2.54058837891,-0.595092773438
1528149943.03,-0.140869140625,1.00732421875,-0.03466796875,-2.29644775391,3.14331054688,0.0839233398438
1528149943.03,-0.13671875,1.0029296875,-0.034912109375,-2.50244140625,3.04412841797,-0.0762939453125
1528149943.03,-0.140380859375,1.01123046875,-0.038818359375,-2.41851806641,3.16619873047,-0.244140625
1528149943.04,-0.1416015625,1.00830078125,-0.037841796875,-2.53295898438,2.78472900391,-0.106811523438
1528149943.04,-0.143310546875,1.01123046875,-0.043212890625,-2.69317626953,2.90679931641,-0.190734863281
1528149943.04,-0.14453125,1.01513671875,-0.0400390625,-2.75421142578,2.93731689453,0.106811523438
1528149943.05,-0.144775390625,1.0087890625,-0.04248046875,-2.74658203125,3.49426269531,0.259399414062
1528149943.05,-0.1474609375,1.01147460938,-0.035888671875,-2.54821777344,3.21197509766,0.389099121094
1528149943.06,-0.139892578125,1.0087890625,-0.0361328125,-2.54058837891,3.44085693359,0.3662109375
1528149943.06,-0.14453125,1.005859375,-0.03466796875,-2.35748291016,3.25012207031,0.396728515625
1528149943.06,-0.143310546875,1.00708007812,-0.03515625,-2.34985351562,3.24249267578,0.152587890625
1528149943.07,-0.142822265625,1.00830078125,-0.035888671875,-2.31170654297,2.90679931641,0.495910644531
1528149943.07,-0.147705078125,1.00903320312,-0.038818359375,-2.28881835938,3.24249267578,0.625610351562
1528149943.08,-0.142822265625,1.00219726562,-0.039794921875,-2.38037109375,3.05938720703,0.740051269531
1528149943.08,-0.139404296875,1.005859375,-0.03173828125,-2.33459472656,2.83050537109,0.801086425781
1528149943.08,-0.143310546875,1.00805664062,-0.040771484375,-1.77001953125,2.70080566406,0.526428222656
1528149943.09,-0.144775390625,1.00805664062,-0.04443359375,-2.03704833984,2.5634765625,0.984191894531
1528149943.09,-0.141845703125,1.01000976562,-0.04443359375,-2.04467773438,2.46429443359,0.9765625
1528149943.1,-0.140380859375,1.00610351562,-0.0419921875,-2.17437744141,2.43377685547,1.27410888672
1528149943.1,-0.145751953125,1.01098632812,-0.03759765625,-1.97601318359,2.78472900391,0.869750976562
1528149943.1,-0.13818359375,1.01123046875,-0.039794921875,-1.91497802734,3.02886962891,1.27410888672
1528149943.11,-0.137939453125,1.0087890625,-0.041748046875,-1.61743164062,3.10516357422,1.220703125
1528149943.11,-0.1396484375,1.00170898438,-0.036865234375,-1.61743164062,2.92205810547,1.39617919922
1528149943.12,-0.13916015625,1.0107421875,-0.038330078125,-1.68609619141,3.2958984375,1.71661376953
1528149943.13,-0.13525390625,1.01123046875,-0.03564453125,-1.83868408203,3.31878662109,1.51824951172
1528149943.13,-0.13671875,1.01171875,-0.04345703125,-2.21252441406,3.50952148438,1.15203857422
1528149943.14,-0.131103515625,1.01538085938,-0.043701171875,-2.02178955078,2.99835205078,1.06811523438
1528149943.14,-0.1396484375,1.01147460938,-0.040771484375,-2.57110595703,3.52478027344,1.14440917969
1528149943.14,-0.141357421875,1.00463867188,-0.0390625,-1.98364257812,3.15856933594,1.09100341797
1528149943.15,-0.141357421875,1.0078125,-0.03564453125,-2.25067138672,2.83050537109,0.816345214844
1528149943.15,-0.145751953125,0.999267578125,-0.042236328125,-1.89208984375,2.89916992188,1.07574462891
1528149943.15,-0.143798828125,1.009765625,-0.046142578125,-2.18200683594,2.94494628906,1.21307373047
1528149943.16,-0.138671875,1.00219726562,-0.0390625,-2.10571289062,2.74658203125,1.35803222656
1528149943.17,-0.141845703125,1.00366210938,-0.041748046875,-2.22778320312,2.62451171875,1.02996826172
1528149943.17,-0.13818359375,1.00268554688,-0.050048828125,-2.32696533203,2.54821777344,1.19018554688
1528149943.17,-0.14013671875,1.0048828125,-0.0380859375,-2.45666503906,2.90679931641,0.953674316406
1528149943.18,-0.13818359375,1.00366210938,-0.04052734375,-2.45666503906,2.99072265625,0.808715820312
1528149943.18,-0.13427734375,1.005859375,-0.03662109375,-2.27355957031,3.12805175781,0.984191894531
1528149943.18,-0.132568359375,1.01171875,-0.04443359375,-2.3193359375,3.04412841797,0.747680664062
1528149943.19,-0.135498046875,1.00610351562,-0.04052734375,-2.81524658203,3.43322753906,0.877380371094
1528149943.19,-0.13916015625,1.00512695312,-0.0419921875,-2.31170654297,2.92205810547,1.11389160156
1528149943.2,-0.13916015625,1.01049804688,-0.04296875,-2.34985351562,3.22723388672,0.907897949219
1528149943.2,-0.141357421875,1.00805664062,-0.047607421875,-2.73132324219,3.07464599609,0.991821289062
1528149943.2,-0.135009765625,1.00952148438,-0.039306640625,-2.46429443359,3.34167480469,0.8544921875
1528149943.21,-0.13623046875,1.01098632812,-0.0380859375,-1.97601318359,3.18145751953,1.18255615234
1528149943.21,-0.1328125,1.00268554688,-0.031494140625,-2.32696533203,3.34930419922,1.07574462891
1528149943.22,-0.13818359375,1.0107421875,-0.03515625,-2.25067138672,3.16619873047,1.06811523438
1528149943.22,-0.133544921875,1.00830078125,-0.031494140625,-2.04467773438,3.58581542969,1.07574462891
1528149943.22,-0.13916015625,1.00634765625,-0.0322265625,-2.61688232422,3.66973876953,1.14440917969
1528149943.23,-0.140380859375,1.00854492188,-0.041748046875,-2.35748291016,3.50952148438,1.22833251953
1528149943.23,-0.140625,1.00830078125,-0.031982421875,-2.20489501953,3.32641601562,1.38092041016
1528149943.24,-0.14501953125,1.00561523438,-0.0302734375,-2.48718261719,3.25775146484,1.35803222656
1528149943.25,-0.146240234375,1.00805664062,-0.0341796875,-2.41851806641,3.15856933594,1.73950195312
1528149943.25,-0.14599609375,1.009765625,-0.0341796875,-2.57110595703,2.72369384766,1.69372558594
1528149943.25,-0.149169921875,1.00952148438,-0.032470703125,-2.54821777344,2.88391113281,1.74713134766
1528149943.26,-0.142822265625,1.00219726562,-0.036376953125,-2.58636474609,2.77709960938,1.68609619141
1528149943.27,-0.144287109375,1.0068359375,-0.0390625,-2.9296875,2.88391113281,2.04467773438
1528149943.27,-0.143798828125,1.01538085938,-0.037841796875,-3.05938720703,3.12042236328,1.64794921875
1528149943.28,-0.14501953125,1.0126953125,-0.038818359375,-3.04412841797,2.89154052734,1.98364257812
1528149943.28,-0.14599609375,1.02075195312,-0.034912109375,-2.88391113281,3.21960449219,1.76239013672
1528149943.29,-0.144287109375,1.0087890625,-0.039794921875,-2.94494628906,3.27301025391,2.14385986328
1528149943.29,-0.143310546875,1.00415039062,-0.041259765625,-2.59399414062,2.69317626953,2.02178955078
1528149943.29,-0.13818359375,1.01342773438,-0.042724609375,-3.15856933594,3.65447998047,1.54113769531
1528149943.3,-0.14013671875,1.00341796875,-0.0400390625,-3.28063964844,3.13568115234,1.00708007812
1528149943.3,-0.139892578125,1.01025390625,-0.043212890625,-3.12805175781,3.08990478516,1.8310546875
1528149943.3,-0.134521484375,1.00390625,-0.036865234375,-3.45611572266,2.86865234375,2.05230712891
1528149943.31,-0.1357421875,1.01782226562,-0.029052734375,-3.69262695312,2.76184082031,1.56402587891
1528149943.31,-0.135498046875,1.005859375,-0.034423828125,-3.70025634766,3.22723388672,1.68609619141
1528149943.32,-0.140625,1.0068359375,-0.025634765625,-3.47137451172,3.173828125,1.98364257812
1528149943.32,-0.14306640625,1.01171875,-0.029052734375,-3.28826904297,3.21197509766,1.67846679688
1528149943.32,-0.14501953125,1.01171875,-0.030517578125,-3.59344482422,3.85284423828,1.86157226562
1528149943.33,-0.138427734375,1.00561523438,-0.034912109375,-3.65447998047,3.50952148438,2.38800048828
1528149943.33,-0.135009765625,1.01220703125,-0.02978515625,-3.89099121094,3.77655029297,2.64739990234
1528149943.34,-0.136474609375,1.01733398438,-0.0341796875,-3.89099121094,4.10461425781,2.17437744141
1528149943.34,-0.1357421875,1.01342773438,-0.0400390625,-3.63159179688,4.18090820312,2.33459472656
1528149943.34,-0.131591796875,1.01440429688,-0.03857421875,-3.65447998047,4.34875488281,2.57110595703
1528149943.35,-0.13525390625,1.01977539062,-0.0380859375,-3.95965576172,4.60052490234,2.22778320312
1528149943.35,-0.132568359375,1.02197265625,-0.041015625,-3.84521484375,4.58526611328,2.63977050781
1528149943.36,-0.13037109375,1.025390625,-0.037109375,-4.31060791016,5.08117675781,2.26593017578
1528149943.36,-0.129150390625,1.02392578125,-0.0361328125,-4.21142578125,5.15747070312,2.73132324219
1528149943.37,-0.123046875,1.0234375,-0.04052734375,-4.14276123047,5.24139404297,2.50244140625
1528149943.37,-0.129638671875,1.01928710938,-0.031982421875,-4.7607421875,5.99670410156,2.41851806641
1528149943.37,-0.124755859375,1.02001953125,-0.031005859375,-4.97436523438,5.90515136719,2.38037109375
1528149943.38,-0.1279296875,1.01831054688,-0.03271484375,-4.98962402344,6.45446777344,2.71606445312
1528149943.38,-0.126708984375,1.02270507812,-0.029296875,-5.18035888672,6.40106201172,2.60925292969
1528149943.39,-0.127685546875,1.01977539062,-0.03466796875,-5.25665283203,6.49261474609,2.94494628906
1528149943.39,-0.130126953125,1.01586914062,-0.032958984375,-5.22613525391,6.14166259766,2.92205810547
1528149943.39,-0.1298828125,1.02758789062,-0.036865234375,-5.53131103516,6.84356689453,2.73895263672
1528149943.4,-0.1318359375,1.02001953125,-0.03662109375,-5.19561767578,6.91223144531,3.12042236328
1528149943.4,-0.12890625,1.00805664062,-0.041748046875,-5.50079345703,7.27081298828,3.31115722656
1528149943.41,-0.12939453125,1.013671875,-0.041015625,-5.60760498047,6.99615478516,3.76129150391
1528149943.41,-0.12353515625,1.015625,-0.037109375,-5.68389892578,7.13348388672,3.73077392578
1528149943.42,-0.126953125,1.01586914062,-0.032470703125,-5.63812255859,7.85827636719,3.63159179688
1528149943.43,-0.123779296875,1.03271484375,-0.031005859375,-5.99670410156,8.93402099609,3.5400390625
1528149943.43,-0.1240234375,1.03002929688,-0.0302734375,-6.51550292969,9.07135009766,3.73077392578
1528149943.43,-0.125244140625,1.0302734375,-0.028564453125,-6.38580322266,9.46807861328,3.94439697266
1528149943.44,-0.122802734375,1.02978515625,-0.035888671875,-6.68334960938,9.75036621094,3.82232666016
1528149943.44,-0.119873046875,1.0205078125,-0.029052734375,-6.95037841797,9.92584228516,3.7841796875
1528149943.45,-0.12060546875,1.02465820312,-0.028564453125,-7.33184814453,10.2996826172,3.42559814453
1528149943.45,-0.1162109375,1.02490234375,-0.028076171875,-7.52258300781,10.5438232422,3.68499755859
1528149943.45,-0.12109375,1.0283203125,-0.0244140625,-8.07952880859,11.0473632812,3.33404541016
1528149943.46,-0.127685546875,1.02685546875,-0.0234375,-7.67517089844,11.2380981445,3.41796875
1528149943.46,-0.1298828125,1.029296875,-0.032958984375,-8.01086425781,11.5966796875,2.86865234375
1528149943.47,-0.124267578125,1.02587890625,-0.025390625,-8.21685791016,11.3372802734,3.08990478516
1528149943.47,-0.12744140625,1.01635742188,-0.033203125,-8.67462158203,11.5203857422,3.30352783203
1528149943.48,-0.125244140625,1.02197265625,-0.0322265625,-8.22448730469,11.3830566406,3.76129150391
1528149943.48,-0.124267578125,1.0068359375,-0.031494140625,-8.27026367188,11.7340087891,3.79180908203
1528149943.48,-0.1337890625,1.01635742188,-0.02490234375,-8.56781005859,12.2528076172,3.65447998047
1528149943.49,-0.12841796875,1.015625,-0.02880859375,-8.20922851562,12.9013061523,3.62396240234
1528149943.49,-0.127685546875,1.00903320312,-0.025146484375,-8.76617431641,12.6342773438,3.80706787109
1528149943.5,-0.12939453125,1.00830078125,-0.019775390625,-8.71276855469,12.9547119141,3.90625
1528149943.5,-0.125244140625,1.00830078125,-0.023681640625,-9.06372070312,13.0081176758,3.93676757812
1528149943.5,-0.12158203125,1.00903320312,-0.021484375,-8.90350341797,13.3666992188,3.94439697266
1528149943.51,-0.119140625,1.01391601562,-0.0166015625,-9.30786132812,13.786315918,3.92150878906
1528149943.51,-0.114013671875,1.01635742188,-0.021240234375,-9.88006591797,14.3585205078,3.98254394531
1528149943.52,-0.1123046875,1.01831054688,-0.024658203125,-9.78088378906,14.8468017578,3.97491455078
1528149943.52,-0.110595703125,1.02221679688,-0.019287109375,-10.4675292969,15.2740478516,4.21142578125
1528149943.52,-0.107177734375,1.02172851562,-0.014892578125,-10.9786987305,15.5563354492,4.20379638672
1528149943.53,-0.105224609375,1.02197265625,-0.013671875,-11.1846923828,15.9149169922,4.47845458984
1528149943.53,-0.101806640625,1.02221679688,-0.009765625,-11.4974975586,16.5328979492,4.73785400391
1528149943.54,-0.10400390625,1.0185546875,-0.009521484375,-11.8865966797,17.2882080078,4.90570068359
1528149943.54,-0.099365234375,1.01489257812,-0.013916015625,-12.3138427734,17.6620483398,4.84466552734
1528149943.54,-0.101806640625,1.0146484375,-0.00732421875,-12.565612793,18.196105957,5.24139404297
1528149943.55,-0.103759765625,1.01538085938,-0.01318359375,-12.9928588867,18.5546875,5.08880615234
1528149943.55,-0.10400390625,1.01904296875,-0.0068359375,-13.1301879883,19.0811157227,5.27191162109
1528149943.56,-0.109375,1.0205078125,-0.00732421875,-13.5726928711,19.2947387695,5.35583496094
1528149943.57,-0.109619140625,1.02099609375,-0.00732421875,-13.8702392578,21.369934082,5.62286376953
1528149943.57,-0.111328125,1.02416992188,-0.0078125,-14.1296386719,21.8811035156,5.66864013672
1528149943.58,-0.108154296875,1.03149414062,-0.008544921875,-14.0838623047,22.1710205078,5.88226318359
1528149943.58,-0.1083984375,1.02465820312,-0.007080078125,-14.5492553711,23.1475830078,5.75256347656
1528149943.58,-0.104248046875,1.02783203125,-0.001708984375,-15.0146484375,23.6434936523,5.98907470703
1528149943.59,-0.103515625,1.029296875,0.00732421875,-15.4037475586,24.1241455078,5.64575195312
1528149943.59,-0.097412109375,1.0244140625,0.0029296875,-15.9912109375,24.8336791992,5.96618652344
1528149943.6,-0.096435546875,1.02880859375,0.01025390625,-16.4642333984,25.7415771484,5.92803955078
1528149943.6,-0.09619140625,1.02587890625,0.009765625,-16.6473388672,26.2680053711,6.30950927734
1528149943.61,-0.09326171875,1.0283203125,0.001708984375,-17.3568725586,26.481628418,6.61468505859
1528149943.61,-0.091796875,1.03540039062,0.008056640625,-17.4942016602,27.1530151367,6.37054443359
1528149943.61,-0.09521484375,1.03051757812,0.007080078125,-17.7154541016,27.5268554688,6.05773925781
1528149943.62,-0.092041015625,1.03149414062,0.00634765625,-18.440246582,28.1753540039,6.591796875
1528149943.62,-0.094482421875,1.03271484375,0.00537109375,-18.6004638672,28.3966064453,6.81304931641
1528149943.63,-0.091064453125,1.03149414062,0.008544921875,-18.8674926758,29.1442871094,6.36291503906
1528149943.63,-0.09716796875,1.03149414062,0.01513671875,-19.3328857422,29.3884277344,6.24084472656
1528149943.63,-0.097900390625,1.02856445312,0.013671875,-19.5999145508,29.6936035156,6.29425048828
1528149943.64,-0.09326171875,1.02099609375,0.021728515625,-19.6838378906,29.6478271484,6.16455078125
1528149943.64,-0.098388671875,1.0400390625,0.025390625,-20.4925537109,30.5786132812,5.31768798828
1528149943.64,-0.093994140625,1.02319335938,0.02490234375,-21.5301513672,31.0211181641,5.83648681641
1528149943.65,-0.08984375,1.017578125,0.01708984375,-21.5530395508,30.2810668945,6.48498535156
1528149943.65,-0.0888671875,1.02172851562,0.02294921875,-22.0565795898,30.6701660156,6.30950927734
1528149943.66,-0.090087890625,1.02368164062,0.028076171875,-22.4533081055,31.0134887695,5.92803955078
1528149943.66,-0.0888671875,1.02099609375,0.030029296875,-23.3383178711,32.1655273438,5.57708740234
1528149943.66,-0.085693359375,1.0244140625,0.023681640625,-23.9181518555,32.7835083008,5.2490234375
1528149943.67,-0.08203125,1.0234375,0.02587890625,-24.284362793,33.8592529297,4.95910644531
1528149943.67,-0.072998046875,1.02685546875,0.026611328125,-24.2233276367,34.6069335938,5.23376464844
1528149943.68,-0.07568359375,1.0283203125,0.029296875,-24.3988037109,35.2020263672,4.95147705078
1528149943.68,-0.072265625,1.03271484375,0.025390625,-24.3301391602,36.5142822266,5.48553466797
1528149943.68,-0.069580078125,1.03588867188,0.03271484375,-24.6276855469,37.5823974609,4.92858886719
1528149943.69,-0.063720703125,1.03662109375,0.0419921875,-24.6505737305,38.4750366211,5.17272949219
1528149943.69,-0.0625,1.03588867188,0.037353515625,-24.8718261719,39.2837524414,5.20324707031
1528149943.7,-0.068115234375,1.03491210938,0.048095703125,-25.5508422852,40.0085449219,5.08117675781
1528149943.7,-0.067138671875,1.03173828125,0.0537109375,-26.5350341797,40.4891967773,5.81359863281
1528149943.7,-0.06640625,1.04125976562,0.062744140625,-26.7868041992,40.8782958984,5.05065917969
1528149943.71,-0.075439453125,1.0439453125,0.0634765625,-27.5726318359,41.3818359375,5.63812255859
1528149943.72,-0.07958984375,1.04467773438,0.06201171875,-29.5867919922,42.7474975586,5.07354736328
1528149943.73,-0.087158203125,1.03442382812,0.07421875,-31.2423706055,43.571472168,5.47790527344
1528149943.73,-0.082275390625,1.02978515625,0.071533203125,-31.4407348633,43.5638427734,5.58471679688
1528149943.73,-0.091064453125,1.03930664062,0.080078125,-32.3104858398,43.6019897461,5.34820556641
1528149943.74,-0.087646484375,1.033203125,0.074951171875,-32.7224731445,44.0368652344,4.5166015625
1528149943.74,-0.08935546875,1.04125976562,0.08837890625,-33.2336425781,44.8913574219,4.25720214844
1528149943.74,-0.090576171875,1.03540039062,0.077392578125,-33.4167480469,44.6929931641,4.28771972656
1528149943.75,-0.0947265625,1.03564453125,0.083984375,-33.5388183594,45.036315918,4.78363037109
1528149943.75,-0.093994140625,1.03198242188,0.080810546875,-33.9736938477,45.6161499023,4.73785400391
1528149943.76,-0.089111328125,1.02026367188,0.080078125,-34.0576171875,45.9213256836,5.01251220703
1528149943.76,-0.091064453125,1.01782226562,0.08544921875,-33.9736938477,46.1044311523,5.05065917969
1528149943.76,-0.08349609375,1.01928710938,0.087646484375,-33.3480834961,45.9365844727,4.79888916016
1528149943.77,-0.0830078125,1.02197265625,0.0908203125,-33.2260131836,45.9899902344,4.44793701172
1528149943.77,-0.085693359375,1.01293945312,0.0888671875,-33.7677001953,46.6842651367,4.94384765625
1528149943.78,-0.08349609375,1.01684570312,0.08740234375,-33.6151123047,47.0275878906,5.79833984375
1528149943.78,-0.076904296875,1.02001953125,0.09130859375,-33.5083007812,47.3251342773,5.20324707031
1528149943.78,-0.076904296875,1.01000976562,0.087646484375,-33.561706543,47.9202270508,5.55419921875
1528149943.79,-0.07275390625,1.02563476562,0.09716796875,-33.5006713867,48.3856201172,5.37872314453
1528149943.79,-0.066162109375,1.01611328125,0.101806640625,-33.7448120117,49.1638183594,5.31768798828
1528149943.8,-0.06298828125,1.0224609375,0.10546875,-34.3322753906,49.4995117188,5.38635253906
1528149943.8,-0.052978515625,1.02465820312,0.11474609375,-35.2935791016,50.3158569336,6.36291503906
1528149943.8,-0.052978515625,1.02612304688,0.113037109375,-35.2096557617,50.5828857422,5.62286376953
1528149943.81,-0.046630859375,1.00952148438,0.125,-34.8587036133,50.6591796875,5.59234619141
1528149943.81,-0.039794921875,1.0048828125,0.1171875,-34.9044799805,50.4684448242,5.65338134766
1528149943.82,-0.03955078125,0.99560546875,0.13134765625,-35.4614257812,50.2395629883,6.29425048828
1528149943.82,-0.038818359375,0.991455078125,0.139404296875,-35.270690918,50.4150390625,6.67572021484
1528149943.82,-0.03857421875,0.998779296875,0.1650390625,-34.6221923828,50.4455566406,6.31713867188
1528149943.83,-0.04443359375,0.990478515625,0.17431640625,-34.7290039062,51.4678955078,6.4697265625
1528149943.83,-0.0380859375,0.97314453125,0.16650390625,-34.9273681641,51.7349243164,8.14819335938
1528149943.84,-0.0380859375,0.98681640625,0.17626953125,-34.8815917969,51.1627197266,8.07952880859
1528149943.84,-0.027587890625,1.00634765625,0.180419921875,-34.7671508789,52.2079467773,3.5400390625
1528149943.84,-0.014892578125,0.9814453125,0.16064453125,-33.9813232422,51.628112793,11.4593505859
1528149943.85,-0.037109375,1.02124023438,0.178955078125,-35.1638793945,51.5213012695,8.71276855469
1528149943.85,-0.04443359375,0.973876953125,0.17041015625,-34.3933105469,52.978515625,8.85772705078
1528149943.87,-0.024169921875,0.986572265625,0.14404296875,-35.026550293,54.3899536133,9.84954833984
1528149943.87,-0.024658203125,0.995361328125,0.166015625,-33.9965820312,54.8324584961,11.3067626953
1528149943.87,-0.017578125,0.992919921875,0.148681640625,-33.0963134766,55.1223754883,11.7416381836
1528149943.88,-0.018310546875,1.0009765625,0.151611328125,-30.8227539062,55.4580688477,8.56018066406
1528149943.88,-0.02001953125,0.97216796875,0.143310546875,-31.005859375,56.396484375,11.9781494141
1528149943.89,-0.0234375,0.9677734375,0.142578125,-30.4794311523,57.5714111328,10.0479125977
1528149943.89,-0.026611328125,0.956298828125,0.141357421875,-30.0827026367,57.9605102539,10.4141235352
1528149943.89,-0.0205078125,0.96484375,0.136962890625,-30.0750732422,58.4335327148,10.4217529297
1528149943.9,-0.017333984375,0.97021484375,0.147216796875,-28.7780761719,59.3185424805,9.49096679688
1528149943.9,-0.013671875,0.975341796875,0.1279296875,-28.0914306641,60.2798461914,8.75854492188
1528149943.91,-0.010009765625,0.952392578125,0.126708984375,-27.8854370117,60.3561401367,9.81903076172
1528149943.91,-0.000732421875,0.963623046875,0.133544921875,-26.9622802734,60.0280761719,10.3454589844
1528149943.91,-0.01123046875,0.96533203125,0.122314453125,-26.6799926758,60.2645874023,9.6435546875
1528149943.92,-0.0107421875,0.972412109375,0.128662109375,-26.5884399414,60.8673095703,9.41467285156
1528149943.92,-0.009033203125,0.98046875,0.128662109375,-26.7639160156,60.9436035156,9.55200195312
1528149943.92,-0.009765625,0.992431640625,0.139404296875,-26.8859863281,60.9817504883,9.04846191406
1528149943.93,-0.01513671875,1.01586914062,0.138916015625,-26.1993408203,61.5234375,8.15582275391
1528149943.93,-0.002685546875,1.00219726562,0.12939453125,-27.4124145508,62.2177124023,9.84191894531
1528149943.94,-0.003662109375,1.02124023438,0.12109375,-26.6647338867,63.2934570312,9.1552734375
1528149943.94,-0.0068359375,1.02563476562,0.099365234375,-26.0848999023,65.2008056641,8.43811035156
1528149943.94,0.00537109375,1.03198242188,0.098876953125,-25.8331298828,66.0781860352,8.26263427734
1528149943.95,0.010009765625,1.04272460938,0.088623046875,-24.4140625,65.8950805664,7.85827636719
1528149943.95,0.017333984375,1.03759765625,0.106201171875,-24.0859985352,66.4520263672,7.09533691406
1528149943.96,0.012451171875,1.037109375,0.109130859375,-24.7268676758,67.3599243164,7.42340087891
1528149943.96,0.010009765625,1.0498046875,0.111572265625,-23.796081543,68.7026977539,6.32476806641
1528149943.96,-0.003662109375,1.04174804688,0.107177734375,-23.681640625,69.0002441406,6.07299804688
1528149943.97,-0.005859375,1.03881835938,0.102294921875,-23.5824584961,69.2825317383,6.01196289062
1528149943.97,-0.015380859375,1.04321289062,0.09375,-23.6358642578,69.4885253906,5.33294677734
1528149943.98,-0.02099609375,1.03002929688,0.08984375,-24.0783691406,70.4498291016,5.41687011719
1528149943.98,-0.019775390625,1.03857421875,0.087646484375,-23.7045288086,71.9223022461,4.26483154297
1528149943.98,-0.03076171875,1.03173828125,0.076904296875,-23.0026245117,73.0667114258,4.28009033203
1528149943.99,-0.027099609375,1.02319335938,0.0673828125,-23.8723754883,72.868347168,4.53186035156
1528149943.99,-0.031005859375,1.02563476562,0.087646484375,-24.7650146484,73.8906860352,4.30297851562
1528149944.0,-0.028564453125,1.0087890625,0.07177734375,-24.6810913086,74.8443603516,3.65447998047
1528149944.0,-0.03076171875,1.04736328125,0.079345703125,-24.9633789062,74.7299194336,4.42504882812
1528149944.0,-0.028076171875,1.04760742188,0.070556640625,-24.3301391602,73.6846923828,3.59344482422
1528149944.01,-0.0380859375,1.04516601562,0.099853515625,-25.2838134766,74.6307373047,3.54766845703
1528149944.01,-0.038818359375,1.04614257812,0.09619140625,-25.4287719727,75.4776000977,3.70025634766
1528149944.03,-0.0361328125,1.05541992188,0.1044921875,-26.0620117188,76.6525268555,2.88391113281
1528149944.03,-0.04638671875,1.07421875,0.087646484375,-25.505065918,76.7593383789,1.76239013672
1528149944.03,-0.050537109375,1.06713867188,0.083984375,-25.3601074219,76.3549804688,1.10626220703
1528149944.04,-0.058349609375,1.05346679688,0.0830078125,-26.8249511719,75.7675170898,1.92260742188
1528149944.04,-0.060546875,1.04638671875,0.089111328125,-27.3132324219,76.301574707,1.79290771484
1528149944.04,-0.075927734375,1.0498046875,0.08447265625,-26.6647338867,76.7517089844,1.15203857422
1528149944.05,-0.070556640625,1.05883789062,0.086181640625,-26.5121459961,76.6220092773,0.556945800781
1528149944.05,-0.071533203125,1.052734375,0.078369140625,-26.9088745117,77.1331787109,0.617980957031
1528149944.06,-0.07666015625,1.04663085938,0.077880859375,-27.7786254883,78.5980224609,0.572204589844
1528149944.06,-0.080078125,1.06225585938,0.070556640625,-26.3900756836,78.4225463867,0.114440917969
1528149944.07,-0.078125,1.0322265625,0.06103515625,-27.2064208984,78.1784057617,0.0381469726562
1528149944.07,-0.088623046875,1.07861328125,0.0791015625,-26.7562866211,79.0328979492,-0.526428222656
1528149944.08,-0.089599609375,1.03759765625,0.071533203125,-28.1753540039,79.3228149414,-0.167846679688
1528149944.08,-0.10400390625,1.05932617188,0.083740234375,-28.8467407227,79.1625976562,-0.602722167969
1528149944.08,-0.10498046875,1.06689453125,0.076904296875,-28.9611816406,78.5980224609,0.00762939453125
1528149944.09,-0.101806640625,1.07299804688,0.097412109375,-29.5486450195,79.0863037109,-1.51062011719
1528149944.09,-0.10693359375,1.05786132812,0.0908203125,-28.3279418945,77.4841308594,0.091552734375
1528149944.1,-0.110595703125,1.03125,0.1259765625,-30.4183959961,78.727722168,0.328063964844
1528149944.1,-0.118896484375,1.06884765625,0.124755859375,-29.8004150391,78.8879394531,-0.457763671875
1528149944.1,-0.115966796875,1.00463867188,0.1201171875,-30.3955078125,79.2922973633,1.67083740234
1528149944.11,-0.107421875,1.03076171875,0.121337890625,-29.8843383789,77.9418945312,0.350952148438
1528149944.11,-0.10888671875,1.0078125,0.104736328125,-32.5698852539,78.4378051758,1.3427734375
1528149944.12,-0.1025390625,1.01831054688,0.112060546875,-34.1567993164,79.9865722656,0.724792480469
1528149944.12,-0.1064453125,0.98486328125,0.10302734375,-33.3862304688,80.1239013672,2.49481201172
1528149944.12,-0.12451171875,1.00219726562,0.122802734375,-35.3164672852,79.9179077148,1.68609619141
1528149944.13,-0.13037109375,1.00634765625,0.153564453125,-34.2254638672,82.6187133789,0.587463378906
1528149944.13,-0.126953125,0.962158203125,0.118408203125,-34.8815917969,81.8328857422,4.50897216797
1528149944.14,-0.120361328125,1.01098632812,0.125,-33.3099365234,80.7952880859,2.25067138672
1528149944.14,-0.130615234375,0.991943359375,0.12646484375,-33.8363647461,81.8710327148,3.14331054688
1528149944.14,-0.133544921875,0.98193359375,0.126953125,-33.4396362305,82.7789306641,3.36456298828
1528149944.15,-0.135986328125,0.973876953125,0.12548828125,-33.6532592773,82.4966430664,4.37927246094
1528149944.15,-0.153076171875,0.978515625,0.123291015625,-32.1655273438,83.7097167969,3.99780273438
1528149944.16,-0.147216796875,0.96484375,0.0908203125,-31.7535400391,84.1445922852,3.93676757812
1528149944.17,-0.137451171875,0.957763671875,0.07470703125,-27.5421142578,80.5587768555,4.79888916016
1528149944.17,-0.146240234375,0.949462890625,0.083740234375,-26.7028808594,79.6737670898,3.97491455078
1528149944.18,-0.157958984375,0.91015625,0.103759765625,-24.1241455078,80.0323486328,3.60107421875
1528149944.18,-0.164794921875,0.9384765625,0.0888671875,-22.8118896484,77.4307250977,4.13513183594
1528149944.18,-0.169677734375,0.91064453125,0.095947265625,-22.331237793,76.6830444336,3.99017333984
1528149944.19,-0.1884765625,0.95703125,0.113037109375,-22.3693847656,75.4470825195,2.81524658203
1528149944.19,-0.189697265625,0.919189453125,0.109130859375,-21.4309692383,74.1195678711,4.21905517578
1528149944.2,-0.201171875,0.9482421875,0.11865234375,-21.2936401367,72.2427368164,3.74603271484
1528149944.2,-0.201171875,0.943603515625,0.1357421875,-21.5148925781,71.9528198242,4.05120849609
1528149944.2,-0.1962890625,0.97509765625,0.126953125,-20.4925537109,70.5032348633,3.57055664062
1528149944.21,-0.196044921875,0.950439453125,0.13720703125,-19.5999145508,69.6792602539,3.45611572266
1528149944.21,-0.202392578125,0.96728515625,0.13720703125,-19.2794799805,68.3288574219,2.21252441406
1528149944.22,-0.209716796875,0.945068359375,0.14111328125,-18.6386108398,68.244934082,1.45721435547
1528149944.22,-0.20947265625,0.966552734375,0.14892578125,-16.8991088867,67.4743652344,1.93786621094
1528149944.22,-0.208740234375,0.967529296875,0.15185546875,-16.5786743164,66.8258666992,1.10626220703
1528149944.23,-0.201171875,0.96240234375,0.15380859375,-15.9454345703,66.7343139648,0.724792480469
1528149944.23,-0.1904296875,0.941650390625,0.14453125,-15.6173706055,65.7958984375,1.48010253906
1528149944.24,-0.186767578125,0.98388671875,0.16552734375,-14.6026611328,65.2313232422,0.358581542969
1528149944.24,-0.1796875,0.972412109375,0.1435546875,-14.3203735352,64.0335083008,-0.419616699219
1528149944.25,-0.17919921875,0.960205078125,0.1572265625,-13.3590698242,63.8809204102,-2.09045410156
1528149944.25,-0.18212890625,0.956298828125,0.16015625,-13.2598876953,63.0569458008,-2.02941894531
1528149944.26,-0.182861328125,0.942626953125,0.167724609375,-13.8778686523,63.720703125,-3.33404541016
1528149944.26,-0.177978515625,0.952880859375,0.157470703125,-12.5732421875,62.5534057617,-2.28118896484
1528149944.27,-0.17919921875,0.9560546875,0.1640625,-11.4822387695,62.1795654297,-2.90679931641
1528149944.27,-0.182861328125,0.951904296875,0.164306640625,-11.5432739258,62.3092651367,-3.51715087891
1528149944.27,-0.18798828125,0.966796875,0.1650390625,-11.1541748047,62.0040893555,-4.06646728516
1528149944.28,-0.18505859375,0.95263671875,0.16357421875,-10.2844238281,60.8749389648,-3.18145751953
1528149944.28,-0.191650390625,0.907958984375,0.158203125,-10.4598999023,60.4019165039,-0.778198242188
1528149944.29,-0.192626953125,0.9794921875,0.165283203125,-9.73510742188,59.9212646484,-1.953125
1528149944.29,-0.19287109375,0.93505859375,0.17333984375,-8.35418701172,58.9294433594,-2.48718261719
1528149944.3,-0.21337890625,0.95556640625,0.17041015625,-7.69805908203,58.4182739258,-2.43377685547
1528149944.3,-0.211669921875,0.94921875,0.179443359375,-8.65936279297,57.0983886719,-2.20489501953
1528149944.3,-0.2001953125,0.957275390625,0.162353515625,-8.7890625,56.6101074219,-1.59454345703
1528149944.31,-0.191162109375,0.953857421875,0.165283203125,-9.033203125,56.0455322266,-0.961303710938
1528149944.32,-0.203369140625,0.960693359375,0.177978515625,-8.52203369141,54.7561645508,-1.26647949219
1528149944.32,-0.211181640625,0.940185546875,0.172119140625,-7.52258300781,53.6193847656,-0.770568847656
1528149944.33,-0.205810546875,0.968017578125,0.18212890625,-7.86590576172,53.6117553711,-1.14440917969
1528149944.33,-0.200439453125,0.969482421875,0.164794921875,-7.07244873047,53.1158447266,-1.77764892578
1528149944.33,-0.198974609375,0.971923828125,0.1630859375,-6.90460205078,52.864074707,-1.90734863281
1528149944.34,-0.218505859375,0.966064453125,0.17822265625,-6.99615478516,52.4139404297,-1.55639648438
1528149944.34,-0.220947265625,0.973876953125,0.171875,-6.86645507812,52.3300170898,-1.62506103516
1528149944.35,-0.20458984375,0.968994140625,0.16162109375,-6.78253173828,51.872253418,-1.31225585938
1528149944.35,-0.20556640625,0.973388671875,0.16455078125,-6.69097900391,51.4602661133,-1.55639648438
1528149944.35,-0.21630859375,0.966552734375,0.182861328125,-6.08062744141,50.6896972656,-1.43432617188
1528149944.36,-0.216552734375,0.97412109375,0.18310546875,-5.63812255859,50.3540039062,-1.32751464844
1528149944.36,-0.199951171875,0.97314453125,0.16796875,-5.16510009766,50.2014160156,-1.16729736328
1528149944.37,-0.207763671875,0.976318359375,0.17236328125,-4.90570068359,49.9114990234,-1.46484375
1528149944.37,-0.210693359375,0.9638671875,0.18896484375,-4.87518310547,49.0570068359,-1.22833251953
1528149944.38,-0.208740234375,0.963623046875,0.185546875,-4.70733642578,48.3551025391,-1.02233886719
1528149944.38,-0.19140625,0.959716796875,0.16845703125,-4.89044189453,47.4243164062,0.48828125
1528149944.38,-0.183349609375,0.967041015625,0.163330078125,-4.92095947266,47.3251342773,0.0762939453125
1528149944.39,-0.19091796875,0.96240234375,0.16259765625,-5.31005859375,47.3251342773,0.396728515625
1528149944.39,-0.188232421875,0.965087890625,0.15234375,-5.07354736328,47.0581054688,0.801086425781
1528149944.4,-0.189697265625,0.963623046875,0.15087890625,-5.53131103516,46.9589233398,1.5869140625
1528149944.4,-0.190673828125,0.96826171875,0.158935546875,-4.79125976562,47.2106933594,1.08337402344
1528149944.4,-0.1953125,0.97314453125,0.154541015625,-4.150390625,46.5774536133,1.60980224609
1528149944.41,-0.2001953125,0.97216796875,0.144775390625,-2.91442871094,46.4096069336,1.87683105469
1528149944.41,-0.200439453125,0.965576171875,0.1630859375,-2.57873535156,45.9213256836,2.27355957031
1528149944.42,-0.20166015625,0.97021484375,0.16357421875,-2.21252441406,45.4940795898,2.59399414062
1528149944.42,-0.205078125,0.975830078125,0.166015625,-1.96838378906,45.1889038086,2.60162353516
1528149944.42,-0.20654296875,0.979248046875,0.16552734375,-1.97601318359,44.5556640625,2.70843505859
1528149944.43,-0.207275390625,0.979248046875,0.166748046875,-1.35803222656,44.059753418,2.49481201172
1528149944.43,-0.204833984375,0.982177734375,0.171630859375,-0.885009765625,43.342590332,2.64739990234
1528149944.44,-0.211181640625,0.9833984375,0.163330078125,-0.953674316406,42.8161621094,2.57873535156
1528149944.44,-0.212646484375,0.984130859375,0.156982421875,-0.679016113281,41.9311523438,2.55584716797
1528149944.44,-0.207275390625,0.984130859375,0.1591796875,-0.175476074219,41.4047241211,2.58636474609
1528149944.45,-0.20654296875,0.9853515625,0.142333984375,-0.457763671875,40.885925293,2.57873535156
1528149944.45,-0.20556640625,0.995849609375,0.1474609375,0.091552734375,40.8020019531,2.22015380859
1528149944.46,-0.20556640625,0.992431640625,0.15283203125,-0.0457763671875,40.2297973633,2.51007080078
1528149944.47,-0.205322265625,0.998046875,0.13623046875,0.175476074219,38.5971069336,2.36511230469
1528149944.47,-0.1904296875,0.993896484375,0.1396484375,-0.442504882812,37.59765625,1.66320800781
1528149944.48,-0.1884765625,0.9931640625,0.15283203125,-0.137329101562,37.2772216797,1.32751464844
1528149944.48,-0.180419921875,0.993896484375,0.146240234375,-0.06103515625,36.8347167969,1.30462646484
1528149944.48,-0.1796875,0.99267578125,0.1572265625,-0.152587890625,37.2848510742,0.930786132812
1528149944.49,-0.179443359375,0.99658203125,0.150634765625,-0.595092773438,37.4450683594,1.47247314453
1528149944.49,-0.17529296875,0.994140625,0.15869140625,0.862121582031,38.3758544922,0.495910644531
1528149944.49,-0.180908203125,0.9990234375,0.1552734375,1.06811523438,38.8031005859,0.816345214844
1528149944.5,-0.180419921875,0.99755859375,0.152099609375,1.5869140625,38.9938354492,0.67138671875
1528149944.5,-0.17724609375,1.00268554688,0.167236328125,1.65557861328,39.436340332,0.724792480469
1528149944.51,-0.187744140625,0.99462890625,0.164794921875,2.03704833984,39.5965576172,0.953674316406
1528149944.51,-0.192138671875,0.99267578125,0.169677734375,2.02178955078,39.665222168,1.22833251953
1528149944.51,-0.196533203125,0.99560546875,0.169921875,2.28881835938,39.8635864258,1.86920166016
1528149944.52,-0.203857421875,0.988525390625,0.177734375,2.81524658203,39.680480957,2.0751953125
1528149944.52,-0.208251953125,0.982666015625,0.18115234375,2.76947021484,39.0701293945,2.34222412109
1528149944.53,-0.216796875,0.982177734375,0.188720703125,3.04412841797,38.8412475586,2.53295898438
1528149944.53,-0.219970703125,0.9736328125,0.184326171875,2.96020507812,38.2537841797,3.05938720703
1528149944.53,-0.22265625,0.966064453125,0.187255859375,2.98309326172,37.8570556641,3.24249267578
1528149944.54,-0.2265625,0.966796875,0.18212890625,3.20434570312,37.353515625,3.06701660156
1528149944.54,-0.232666015625,0.957275390625,0.18798828125,3.48663330078,36.5982055664,3.95965576172
1528149944.54,-0.236572265625,0.95361328125,0.185791015625,3.90625,35.2325439453,4.16564941406
1528149944.55,-0.24072265625,0.94140625,0.183837890625,4.36401367188,33.805847168,4.58526611328
1528149944.55,-0.24462890625,0.938232421875,0.17236328125,5.31005859375,32.7377319336,5.43975830078
1528149944.56,-0.255859375,0.94970703125,0.18359375,5.88989257812,32.0358276367,5.59997558594
1528149944.56,-0.252685546875,0.93505859375,0.184814453125,5.47790527344,31.6009521484,5.85174560547
1528149944.56,-0.256103515625,0.93603515625,0.17529296875,6.66809082031,29.8309326172,6.62994384766
1528149944.57,-0.253662109375,0.9375,0.17626953125,6.80541992188,28.3966064453,7.17163085938
1528149944.57,-0.25244140625,0.93994140625,0.177734375,7.18688964844,27.2445678711,7.68280029297
1528149944.58,-0.247314453125,0.93359375,0.173095703125,7.25555419922,25.9857177734,8.20922851562
1528149944.58,-0.23681640625,0.939697265625,0.181396484375,8.21685791016,25.1541137695,7.94219970703
1528149944.58,-0.2373046875,0.9384765625,0.176513671875,8.56018066406,24.1165161133,8.44573974609
1528149944.59,-0.228759765625,0.93798828125,0.170654296875,8.95690917969,23.1323242188,9.09423828125
1528149944.59,-0.216064453125,0.946533203125,0.17138671875,9.90295410156,21.8811035156,9.26971435547
1528149944.6,-0.209716796875,0.962158203125,0.178955078125,9.55963134766,21.4309692383,8.94165039062
1528149944.6,-0.2041015625,0.9599609375,0.171875,9.39178466797,20.9350585938,9.47570800781
1528149944.6,-0.19775390625,0.95849609375,0.17236328125,9.07135009766,20.7748413086,9.16290283203
1528149944.61,-0.18798828125,0.96142578125,0.169189453125,9.62829589844,20.4772949219,9.94110107422
1528149944.61,-0.18798828125,0.970703125,0.168212890625,9.40704345703,20.2178955078,10.1470947266
1528149944.62,-0.192626953125,0.9794921875,0.181884765625,9.46044921875,20.3475952148,9.91821289062
1528149944.63,-0.187744140625,0.988525390625,0.1796875,8.52203369141,21.1181640625,10.5895996094
1528149944.63,-0.18603515625,0.99755859375,0.16796875,8.31604003906,21.0037231445,10.5590820312
1528149944.63,-0.1845703125,1.0,0.15869140625,7.94219970703,21.125793457,10.2462768555
1528149944.64,-0.18017578125,0.9970703125,0.160400390625,7.06481933594,21.5377807617,10.3912353516
1528149944.64,-0.1767578125,1.00024414062,0.1640625,7.49969482422,21.5225219727,10.5133056641
1528149944.65,-0.16943359375,0.99560546875,0.169677734375,6.66046142578,21.240234375,10.5438232422
1528149944.65,-0.16796875,0.984130859375,0.139892578125,5.37109375,21.1944580078,10.6887817383
1528149944.65,-0.172119140625,0.991455078125,0.17041015625,6.18743896484,21.3851928711,10.8337402344
1528149944.66,-0.16552734375,0.998779296875,0.161376953125,5.91278076172,21.5225219727,11.1312866211
1528149944.66,-0.168212890625,1.01025390625,0.154541015625,4.50134277344,22.4685668945,10.7803344727
1528149944.67,-0.171630859375,1.01391601562,0.140625,3.60870361328,22.5677490234,10.7421875
1528149944.67,-0.1669921875,1.013671875,0.130615234375,3.23486328125,22.6821899414,10.9252929688
1528149944.68,-0.16796875,1.02368164062,0.134521484375,3.173828125,22.575378418,10.6582641602
1528149944.68,-0.16650390625,1.01635742188,0.139892578125,2.69317626953,22.3617553711,10.7955932617
1528149944.68,-0.169921875,1.0185546875,0.1396484375,2.70843505859,22.0489501953,10.0708007812
1528149944.69,-0.17041015625,1.01171875,0.13818359375,2.38800048828,22.4990844727,9.95635986328
1528149944.69,-0.17236328125,1.00952148438,0.140380859375,1.99127197266,22.8729248047,9.51385498047
1528149944.7,-0.17333984375,1.00805664062,0.143798828125,1.953125,23.0865478516,9.3994140625
1528149944.7,-0.17333984375,1.00341796875,0.141845703125,1.73187255859,23.1323242188,9.58251953125
1528149944.7,-0.176025390625,0.99560546875,0.13671875,1.93786621094,23.3764648438,9.51385498047
1528149944.71,-0.182861328125,0.99658203125,0.140625,1.97601318359,23.4985351562,9.3994140625
1528149944.71,-0.185791015625,0.9931640625,0.136474609375,1.75476074219,23.8494873047,9.3994140625
1528149944.72,-0.191162109375,0.99462890625,0.13232421875,1.77764892578,23.7350463867,9.19342041016
1528149944.72,-0.193115234375,0.98828125,0.1337890625,1.80053710938,23.6358642578,9.51385498047
1528149944.72,-0.193115234375,0.990478515625,0.120849609375,1.38092041016,23.4146118164,9.49859619141
1528149944.73,-0.195556640625,0.98779296875,0.111572265625,1.59454345703,23.0102539062,9.31549072266
1528149944.73,-0.19091796875,0.9873046875,0.11474609375,0.869750976562,22.6821899414,8.82720947266
1528149944.74,-0.188232421875,0.9853515625,0.1162109375,0.541687011719,22.6974487305,8.67462158203
1528149944.74,-0.18408203125,0.985595703125,0.113037109375,0.808715820312,22.3770141602,8.73565673828
1528149944.74,-0.185302734375,0.986328125,0.11181640625,0.900268554688,22.3693847656,8.62121582031
1528149944.75,-0.18310546875,0.9853515625,0.109619140625,0.686645507812,22.3159790039,8.32366943359
1528149944.75,-0.181884765625,0.989990234375,0.1123046875,0.556945800781,22.2320556641,7.67517089844
1528149944.76,-0.178955078125,0.987060546875,0.1142578125,0.259399414062,22.4685668945,7.6904296875
1528149944.76,-0.178466796875,0.988525390625,0.116943359375,0.267028808594,22.2930908203,7.39288330078
1528149944.77,-0.177734375,0.99609375,0.117431640625,-0.587463378906,21.6369628906,7.59124755859
1528149944.78,-0.177490234375,1.00830078125,0.1259765625,-0.778198242188,21.9039916992,7.48443603516
1528149944.78,-0.162841796875,1.00610351562,0.11767578125,-0.801086425781,21.7895507812,6.91223144531
1528149944.79,-0.16796875,1.03662109375,0.12548828125,-2.47192382812,21.7132568359,6.66046142578
1528149944.79,-0.16357421875,1.01977539062,0.109130859375,-2.22778320312,20.5535888672,6.98089599609
1528149944.79,-0.15576171875,1.00024414062,0.097412109375,-1.41143798828,19.9813842773,7.71331787109
1528149944.8,-0.156005859375,1.02514648438,0.118408203125,-2.74658203125,20.4391479492,8.32366943359
1528149944.8,-0.158203125,1.0400390625,0.11083984375,-3.05938720703,21.4385986328,7.28607177734
1528149944.8,-0.155029296875,1.02124023438,0.114013671875,-3.83758544922,21.6827392578,7.13348388672
1528149944.81,-0.152099609375,1.03173828125,0.111083984375,-3.89099121094,21.9879150391,7.05718994141
1528149944.81,-0.15234375,1.03588867188,0.1162109375,-4.83703613281,21.8658447266,6.52313232422
1528149944.82,-0.1474609375,1.03979492188,0.1103515625,-5.47790527344,22.3083496094,6.12640380859
1528149944.82,-0.144775390625,1.03076171875,0.11767578125,-6.20269775391,22.1862792969,6.08825683594
1528149944.83,-0.142333984375,1.02954101562,0.122314453125,-6.94274902344,22.7432250977,5.92803955078
1528149944.83,-0.12841796875,1.0458984375,0.11865234375,-7.46917724609,22.3236083984,5.38635253906
1528149944.83,-0.1279296875,1.02783203125,0.119140625,-7.89642333984,22.2778320312,5.46264648438
1528149944.84,-0.135498046875,1.02465820312,0.12890625,-8.62121582031,22.5524902344,5.72967529297
1528149944.84,-0.13134765625,1.03076171875,0.1162109375,-8.9111328125,22.6745605469,5.94329833984
1528149944.85,-0.133544921875,1.03662109375,0.122802734375,-9.07135009766,22.7432250977,6.11114501953
1528149944.85,-0.1240234375,1.03540039062,0.119140625,-9.54437255859,23.8265991211,6.21795654297
1528149944.85,-0.1279296875,1.02026367188,0.1201171875,-9.94873046875,23.8800048828,6.24847412109
1528149944.86,-0.13037109375,1.03369140625,0.124755859375,-10.7421875,25.0549316406,6.28662109375
1528149944.86,-0.12841796875,1.033203125,0.1162109375,-11.0244750977,25.4669189453,6.51550292969
1528149944.87,-0.130615234375,1.03125,0.114501953125,-12.5198364258,26.3442993164,6.50787353516
1528149944.87,-0.132568359375,1.03515625,0.11083984375,-12.2604370117,27.0690917969,6.591796875
1528149944.87,-0.130859375,1.04125976562,0.1005859375,-12.825012207,27.5344848633,6.91986083984
1528149944.88,-0.13671875,1.04052734375,0.10986328125,-13.2904052734,28.1829833984,6.9580078125
1528149944.88,-0.136962890625,1.04370117188,0.10546875,-14.0151977539,28.5263061523,6.85882568359
1528149944.89,-0.143798828125,1.0439453125,0.100341796875,-14.2440795898,28.9764404297,6.79016113281
1528149944.89,-0.14501953125,1.04174804688,0.096923828125,-14.9765014648,29.0679931641,6.86645507812
1528149944.89,-0.14794921875,1.03393554688,0.10791015625,-15.1519775391,28.7017822266,6.7138671875
1528149944.9,-0.144775390625,1.0361328125,0.10986328125,-15.5029296875,28.8772583008,6.81304931641
1528149944.9,-0.143310546875,1.017578125,0.102783203125,-15.6021118164,28.2897949219,6.74438476562
1528149944.9,-0.145751953125,1.02124023438,0.10400390625,-15.5410766602,28.0532836914,6.73675537109
1528149944.91,-0.1455078125,1.01220703125,0.105712890625,-15.6326293945,28.0303955078,7.080078125
1528149944.91,-0.145751953125,1.01123046875,0.112060546875,-16.0675048828,27.961730957,7.40051269531
1528149944.92,-0.154541015625,1.021484375,0.115478515625,-15.7699584961,27.6489257812,7.21740722656
1528149944.93,-0.158447265625,1.01342773438,0.103515625,-16.1056518555,27.3208618164,7.80487060547
1528149944.93,-0.158935546875,1.02124023438,0.1005859375,-16.6168212891,27.5344848633,7.8125
1528149944.94,-0.15966796875,1.0146484375,0.102783203125,-16.4566040039,27.2750854492,7.69805908203
1528149944.94,-0.154296875,1.02075195312,0.11083984375,-16.8914794922,26.7333984375,7.46154785156
1528149944.95,-0.149658203125,1.00854492188,0.117431640625,-16.9372558594,27.1453857422,7.42340087891
1528149944.95,-0.146728515625,1.0087890625,0.11328125,-16.960144043,27.0538330078,7.20977783203
1528149944.95,-0.144775390625,1.01318359375,0.118408203125,-16.9143676758,26.9165039062,7.20977783203
1528149944.96,-0.14599609375,1.00219726562,0.11572265625,-17.0211791992,27.3513793945,7.27081298828
1528149944.96,-0.142578125,1.01000976562,0.123779296875,-17.0059204102,27.6184082031,7.43865966797
1528149944.96,-0.14794921875,1.00415039062,0.116943359375,-16.8380737305,27.7099609375,7.31658935547
1528149944.97,-0.15087890625,1.00732421875,0.12353515625,-17.0364379883,27.7404785156,7.27081298828
1528149944.97,-0.1494140625,1.00366210938,0.123291015625,-17.2348022461,28.0380249023,7.36236572266
1528149944.98,-0.148193359375,1.00659179688,0.12744140625,-17.0440673828,28.3126831055,6.65283203125
1528149944.98,-0.154296875,1.00830078125,0.126220703125,-17.4331665039,28.2363891602,7.08770751953
1528149944.98,-0.15234375,1.03540039062,0.125244140625,-17.1890258789,28.7322998047,6.57653808594
1528149944.99,-0.153564453125,0.998779296875,0.12109375,-18.0969238281,28.5949707031,6.21795654297
1528149944.99,-0.140869140625,1.00317382812,0.134521484375,-17.9138183594,28.4042358398,6.24084472656
1528149945.0,-0.142578125,0.995361328125,0.141845703125,-17.9214477539,28.1066894531,6.31713867188
1528149945.0,-0.13916015625,0.989990234375,0.14404296875,-18.2189941406,28.4652709961,5.38635253906
1528149945.0,-0.14501953125,0.982177734375,0.140380859375,-17.7154541016,29.4647216797,5.68389892578
1528149945.01,-0.1435546875,0.982666015625,0.1455078125,-17.7230834961,29.3197631836,5.55419921875
1528149945.01,-0.14697265625,0.98291015625,0.1494140625,-17.9138183594,29.296875,5.11169433594
1528149945.02,-0.14990234375,0.982666015625,0.1455078125,-18.0358886719,30.2200317383,5.69915771484
1528149945.02,-0.147216796875,0.98779296875,0.142822265625,-17.7688598633,29.7317504883,5.126953125
1528149945.02,-0.147216796875,0.993408203125,0.14501953125,-17.9901123047,29.8614501953,5.23376464844
1528149945.03,-0.15234375,0.9931640625,0.144287109375,-18.0130004883,29.6478271484,5.03540039062
1528149945.03,-0.152099609375,0.99755859375,0.154541015625,-18.4097290039,29.0069580078,4.59289550781
1528149945.04,-0.1572265625,1.00537109375,0.174072265625,-18.4936523438,28.6026000977,4.48608398438
1528149945.04,-0.163330078125,1.00756835938,0.177978515625,-18.7225341797,27.8701782227,4.50897216797
1528149945.04,-0.170654296875,1.0146484375,0.19189453125,-19.3176269531,28.2669067383,4.37927246094
1528149945.05,-0.174560546875,0.998779296875,0.197509765625,-20.1263427734,27.6260375977,3.7841796875
1528149945.05,-0.17138671875,0.9990234375,0.21240234375,-20.9426879883,27.9006958008,3.77655029297
1528149945.06,-0.1826171875,1.00244140625,0.209228515625,-21.6674804688,27.0385742188,3.60107421875
1528149945.07,-0.177490234375,0.994140625,0.20947265625,-21.7361450195,26.8249511719,3.59344482422
1528149945.08,-0.199951171875,0.98779296875,0.201416015625,-23.7579345703,26.496887207,3.173828125
1528149945.08,-0.2001953125,0.983642578125,0.212890625,-24.3225097656,25.7415771484,2.99072265625
1528149945.08,-0.2041015625,0.975830078125,0.2109375,-24.3835449219,24.9938964844,2.96783447266
1528149945.09,-0.199462890625,0.96337890625,0.20556640625,-24.6124267578,24.4140625,2.86102294922
1528149945.09,-0.1962890625,0.9599609375,0.211669921875,-24.8489379883,23.5900878906,3.08227539062
1528149945.09,-0.193115234375,0.959716796875,0.213623046875,-24.9176025391,22.8500366211,2.50244140625
1528149945.1,-0.1884765625,0.943115234375,0.20751953125,-24.9557495117,22.5982666016,2.34222412109
1528149945.1,-0.186279296875,0.936279296875,0.210205078125,-24.5513916016,21.9650268555,2.51770019531
1528149945.11,-0.17529296875,0.9375,0.21435546875,-24.2004394531,21.5606689453,2.38037109375
1528149945.11,-0.1806640625,0.9267578125,0.196044921875,-23.9334106445,21.0266113281,2.83050537109
1528149945.12,-0.18310546875,0.934326171875,0.194580078125,-22.8424072266,20.7138061523,3.33404541016
1528149945.12,-0.180419921875,0.9306640625,0.19482421875,-22.1481323242,20.6069946289,3.35693359375
1528149945.12,-0.173828125,0.9306640625,0.2021484375,-21.4004516602,20.5917358398,3.23486328125
1528149945.13,-0.172119140625,0.935302734375,0.209228515625,-20.8969116211,21.1181640625,2.62451171875
1528149945.13,-0.16455078125,0.943115234375,0.21435546875,-20.7214355469,21.3165283203,2.31170654297
1528149945.14,-0.1591796875,0.9501953125,0.223388671875,-20.3323364258,21.5759277344,1.80816650391
1528149945.14,-0.159423828125,0.94921875,0.22412109375,-20.2102661133,21.4233398438,1.38092041016
1528149945.14,-0.157958984375,0.972900390625,0.221435546875,-19.0658569336,21.6293334961,0.885009765625
1528149945.15,-0.161376953125,0.97509765625,0.22705078125,-18.2800292969,21.5072631836,-0.221252441406
1528149945.15,-0.154296875,0.96875,0.23876953125,-18.6386108398,22.0336914062,1.04522705078
1528149945.16,-0.163818359375,0.9765625,0.234130859375,-18.5394287109,22.7813720703,0.724792480469
1528149945.16,-0.162109375,0.986572265625,0.237060546875,-18.424987793,23.6053466797,0.320434570312
1528149945.16,-0.1669921875,0.986328125,0.23974609375,-18.2800292969,24.3988037109,0.236511230469
1528149945.17,-0.167236328125,0.987548828125,0.2294921875,-18.1045532227,24.6887207031,0.0991821289062
1528149945.17,-0.165771484375,0.9873046875,0.22705078125,-18.5852050781,24.7802734375,0.0991821289062
1528149945.18,-0.170166015625,0.984619140625,0.216552734375,-18.2495117188,25.0015258789,-0.236511230469
1528149945.18,-0.16748046875,0.9873046875,0.212158203125,-18.4936523438,25.2304077148,0.030517578125
1528149945.19,-0.164306640625,0.986572265625,0.202880859375,-18.3868408203,25.3601074219,-0.602722167969
1528149945.19,-0.156005859375,0.982666015625,0.18408203125,-18.2876586914,24.90234375,-0.961303710938
1528149945.19,-0.155517578125,0.982421875,0.177734375,-18.5089111328,25.1007080078,-0.717163085938
1528149945.2,-0.150390625,0.98291015625,0.17822265625,-18.0511474609,24.169921875,-1.27410888672
1528149945.2,-0.149658203125,0.98486328125,0.16650390625,-17.8070068359,23.8800048828,-1.88446044922
1528149945.21,-0.1494140625,0.990478515625,0.17138671875,-17.2500610352,23.5824584961,-2.18963623047
1528149945.21,-0.146240234375,0.99658203125,0.174560546875,-16.9067382812,23.2315063477,-3.13568115234
1528149945.21,-0.140625,0.994873046875,0.185546875,-16.5634155273,23.4909057617,-3.58581542969
1528149945.23,-0.141357421875,1.01220703125,0.18896484375,-16.960144043,24.5056152344,-4.44030761719
1528149945.23,-0.147705078125,1.03271484375,0.1591796875,-16.7083740234,24.7573852539,-4.95147705078
1528149945.23,-0.15625,1.0302734375,0.154296875,-17.7307128906,24.2767333984,-4.68444824219
1528149945.24,-0.158203125,1.04248046875,0.1640625,-18.4478759766,24.1394042969,-5.27191162109
1528149945.24,-0.162841796875,1.04028320312,0.150634765625,-19.2642211914,23.9715576172,-5.67626953125
1528149945.24,-0.171875,1.0341796875,0.15087890625,-20.0119018555,23.8647460938,-5.82122802734
1528149945.25,-0.173828125,1.03466796875,0.15625,-20.3628540039,23.4222412109,-6.19506835938
1528149945.25,-0.18115234375,1.02392578125,0.1484375,-20.5230712891,23.1094360352,-6.82067871094
1528149945.25,-0.18408203125,1.021484375,0.152099609375,-20.9197998047,22.7203369141,-7.33947753906
1528149945.26,-0.1904296875,1.00903320312,0.143798828125,-21.369934082,21.6751098633,-8.11004638672
1528149945.27,-0.195068359375,0.99365234375,0.144287109375,-21.614074707,20.7138061523,-8.31604003906
1528149945.27,-0.19921875,0.9931640625,0.15185546875,-21.5759277344,20.0653076172,-8.33892822266
1528149945.28,-0.201904296875,0.98583984375,0.1474609375,-21.4614868164,18.7149047852,-8.75854492188
1528149945.28,-0.200439453125,0.978515625,0.1474609375,-21.0189819336,17.2424316406,-9.14001464844
1528149945.28,-0.205810546875,0.974853515625,0.14697265625,-20.9426879883,16.716003418,-9.02557373047
1528149945.29,-0.20166015625,0.96875,0.14501953125,-20.6451416016,15.4876708984,-9.05609130859
1528149945.29,-0.20703125,0.968017578125,0.15625,-19.9356079102,15.13671875,-9.41467285156
1528149945.3,-0.21533203125,0.9658203125,0.163818359375,-19.9584960938,14.5034790039,-9.16290283203
1528149945.3,-0.21728515625,0.968994140625,0.1611328125,-19.3481445312,14.0151977539,-8.86535644531
1528149945.3,-0.21923828125,0.978515625,0.173095703125,-18.913269043,13.7329101562,-8.51440429688
1528149945.31,-0.229248046875,0.963623046875,0.182373046875,-18.424987793,12.5961303711,-8.61358642578
1528149945.31,-0.19873046875,0.973388671875,0.145263671875,-17.7536010742,12.0468139648,-8.39233398438
1528149945.32,-0.21826171875,0.972412109375,0.17626953125,-17.7383422852,11.8255615234,-7.91931152344
1528149945.32,-0.213623046875,0.96435546875,0.17138671875,-17.692565918,10.4064941406,-7.85064697266
1528149945.32,-0.210693359375,0.983154296875,0.1455078125,-17.7841186523,10.0784301758,-7.68280029297
1528149945.33,-0.236083984375,0.962158203125,0.1923828125,-17.5552368164,10.1623535156,-7.10296630859
1528149945.33,-0.20458984375,0.97900390625,0.15087890625,-17.6239013672,8.23974609375,-7.4462890625
1528149945.34,-0.21923828125,0.98828125,0.1708984375,-18.0206298828,9.08660888672,-6.98089599609
1528149945.34,-0.2265625,0.971435546875,0.178466796875,-17.8375244141,8.68988037109,-6.56890869141
1528149945.34,-0.205322265625,1.00244140625,0.14892578125,-18.1045532227,7.89642333984,-7.36236572266
1528149945.35,-0.236328125,0.98779296875,0.203857421875,-18.5699462891,8.48388671875,-6.76727294922
1528149945.35,-0.21435546875,0.990234375,0.160400390625,-18.5546875,6.90460205078,-6.88171386719
1528149945.36,-0.217041015625,0.997314453125,0.163818359375,-19.1650390625,6.88171386719,-7.51495361328
1528149945.37,-0.234619140625,0.97216796875,0.203857421875,-19.6151733398,6.05773925781,-7.48443603516
1528149945.37,-0.21630859375,0.99169921875,0.18359375,-19.6075439453,5.04302978516,-8.25500488281
1528149945.37,-0.228515625,0.972900390625,0.226318359375,-19.4091796875,6.34002685547,-7.82012939453
1528149945.38,-0.219970703125,0.969482421875,0.202392578125,-19.401550293,5.79071044922,-7.75909423828
1528149945.38,-0.220947265625,0.966064453125,0.217529296875,-19.3176269531,7.05718994141,-7.62939453125
1528149945.39,-0.225830078125,0.9560546875,0.218994140625,-18.8903808594,7.38525390625,-6.87408447266
1528149945.39,-0.214599609375,0.96533203125,0.193603515625,-18.3944702148,6.34002685547,-6.98089599609
1528149945.39,-0.21533203125,0.965087890625,0.214111328125,-18.2266235352,7.16400146484,-6.50787353516
1528149945.4,-0.240234375,0.943603515625,0.2431640625,-17.6773071289,7.28607177734,-6.11114501953
1528149945.4,-0.210205078125,0.9619140625,0.205322265625,-17.6544189453,6.72912597656,-6.05773925781
1528149945.41,-0.2255859375,0.953369140625,0.22705078125,-17.8451538086,6.99615478516,-5.82885742188
1528149945.41,-0.218505859375,0.964111328125,0.21728515625,-17.8604125977,7.82775878906,-5.67626953125
1528149945.41,-0.235595703125,0.95458984375,0.237548828125,-17.448425293,8.40759277344,-4.96673583984
1528149945.42,-0.226806640625,0.97021484375,0.20947265625,-17.6162719727,8.26263427734,-4.55474853516
1528149945.42,-0.224365234375,0.9697265625,0.218017578125,-17.6696777344,8.01849365234,-4.81414794922
1528149945.43,-0.23828125,0.971435546875,0.233154296875,-18.2952880859,8.49914550781,-4.54711914062
1528149945.43,-0.22998046875,0.983154296875,0.22216796875,-18.5852050781,8.30841064453,-4.46319580078
1528149945.43,-0.219482421875,0.994384765625,0.20361328125,-19.3786621094,7.64465332031,-4.24194335938
1528149945.44,-0.214599609375,0.982421875,0.2109375,-19.5770263672,6.38580322266,-4.43267822266
1528149945.44,-0.219482421875,0.981201171875,0.224365234375,-19.8974609375,5.95855712891,-4.63104248047
1528149945.45,-0.22314453125,0.972900390625,0.23046875,-20.2865600586,5.20324707031,-4.30297851562
1528149945.45,-0.22314453125,0.97021484375,0.23583984375,-20.4544067383,4.53186035156,-4.50897216797
1528149945.45,-0.216552734375,0.971435546875,0.220703125,-20.5612182617,3.08990478516,-4.66156005859
1528149945.46,-0.204345703125,0.97265625,0.219482421875,-21.0647583008,1.60217285156,-4.98962402344
1528149945.46,-0.20361328125,0.96533203125,0.230712890625,-21.0952758789,0.785827636719,-5.31005859375
1528149945.47,-0.197021484375,0.96875,0.240234375,-20.9121704102,0.404357910156,-5.20324707031
1528149945.47,-0.1962890625,0.97216796875,0.242431640625,-20.9808349609,-0.152587890625,-5.38635253906
1528149945.47,-0.193359375,0.976318359375,0.241943359375,-21.1181640625,-0.900268554688,-5.05065917969
1528149945.48,-0.200927734375,0.976806640625,0.24267578125,-21.6903686523,-1.708984375,-4.79125976562
1528149945.48,-0.199462890625,0.986083984375,0.24462890625,-22.1633911133,-2.88391113281,-5.126953125
1528149945.49,-0.198486328125,0.984619140625,0.243408203125,-23.4680175781,-3.82232666016,-5.42449951172
1528149945.49,-0.19873046875,0.982666015625,0.244384765625,-23.9028930664,-4.80651855469,-5.42449951172
1528149945.49,-0.202392578125,0.97607421875,0.254150390625,-24.3301391602,-6.01959228516,-5.68389892578
1528149945.5,-0.203369140625,0.976318359375,0.2724609375,-24.658203125,-6.90460205078,-5.80596923828
1528149945.5,-0.203369140625,0.962646484375,0.27880859375,-24.7802734375,-7.03430175781,-5.41687011719
1528149945.5,-0.20263671875,0.964111328125,0.282958984375,-25.0854492188,-8.01849365234,-4.86755371094
1528149945.51,-0.201171875,0.95849609375,0.2880859375,-25.276184082,-8.13293457031,-5.41687011719
1528149945.51,-0.19921875,0.95751953125,0.29296875,-25.3524780273,-8.23211669922,-4.91333007812
1528149945.53,-0.196044921875,0.951416015625,0.300048828125,-26.008605957,-8.95690917969,-4.2724609375
1528149945.53,-0.179443359375,0.96240234375,0.33154296875,-26.1535644531,-8.47625732422,-3.62396240234
1528149945.53,-0.1767578125,0.955078125,0.334228515625,-26.3671875,-9.07897949219,-3.32641601562
1528149945.54,-0.177734375,0.956787109375,0.34326171875,-26.1306762695,-9.40704345703,-3.11279296875
1528149945.54,-0.17626953125,0.953125,0.343017578125,-26.5274047852,-9.46807861328,-2.75421142578
1528149945.54,-0.178466796875,0.954345703125,0.345458984375,-26.7868041992,-9.72747802734,-2.39562988281
1528149945.55,-0.171630859375,0.9560546875,0.345947265625,-27.3590087891,-10.0631713867,-2.41088867188
1528149945.55,-0.1708984375,0.96484375,0.351806640625,-28.5034179688,-10.5361938477,-2.32696533203
1528149945.56,-0.17041015625,0.968994140625,0.34521484375,-29.296875,-11.6577148438,-2.54821777344
1528149945.56,-0.158935546875,0.962890625,0.35205078125,-30.876159668,-11.8179321289,-3.09753417969
1528149945.57,-0.138427734375,0.96826171875,0.342041015625,-31.8145751953,-11.8942260742,-3.32641601562
1528149945.57,-0.12890625,0.967041015625,0.34130859375,-32.6614379883,-11.23046875,-3.70788574219
1528149945.57,-0.124267578125,0.968017578125,0.3466796875,-33.6685180664,-10.6582641602,-3.60107421875
1528149945.58,-0.10986328125,0.967529296875,0.344482421875,-34.1644287109,-10.4751586914,-4.14276123047
1528149945.58,-0.10595703125,0.96728515625,0.348388671875,-34.66796875,-10.2615356445,-4.20379638672
1528149945.59,-0.098876953125,0.96240234375,0.351806640625,-35.2249145508,-9.73510742188,-4.13513183594
1528149945.59,-0.093017578125,0.959716796875,0.36865234375,-35.2172851562,-9.033203125,-4.04357910156
1528149945.59,-0.094482421875,0.950927734375,0.365234375,-35.4232788086,-7.86590576172,-4.11224365234
1528149945.6,-0.0966796875,0.941162109375,0.3779296875,-35.270690918,-6.78253173828,-3.73840332031
1528149945.6,-0.10400390625,0.9423828125,0.376220703125,-35.2783203125,-6.13403320312,-3.94439697266
1528149945.6,-0.11083984375,0.938720703125,0.386962890625,-35.15625,-5.35583496094,-4.06646728516
1528149945.61,-0.1201171875,0.92724609375,0.399169921875,-34.7747802734,-5.06591796875,-4.38690185547
1528149945.61,-0.130126953125,0.92724609375,0.41259765625,-34.2559814453,-4.85229492188,-4.7607421875
1528149945.62,-0.132568359375,0.93017578125,0.416748046875,-33.6227416992,-5.05828857422,-5.20324707031
1528149945.62,-0.141845703125,0.916259765625,0.421630859375,-32.585144043,-4.72259521484,-5.53131103516
1528149945.62,-0.14990234375,0.906982421875,0.423583984375,-32.0816040039,-5.53131103516,-5.859375
1528149945.63,-0.158447265625,0.907470703125,0.428955078125,-31.3415527344,-5.67626953125,-6.33239746094
1528149945.63,-0.166015625,0.89453125,0.428955078125,-30.143737793,-6.06536865234,-6.61468505859
1528149945.64,-0.175048828125,0.896240234375,0.426025390625,-29.4189453125,-6.591796875,-7.14874267578
1528149945.64,-0.182373046875,0.9013671875,0.42822265625,-28.9993286133,-6.43157958984,-7.96508789062
1528149945.64,-0.190673828125,0.8994140625,0.428955078125,-28.3126831055,-6.591796875,-8.57543945312
1528149945.65,-0.193359375,0.90087890625,0.42919921875,-27.6031494141,-7.26318359375,-9.14764404297
1528149945.65,-0.19677734375,0.90087890625,0.43896484375,-27.099609375,-7.17163085938,-9.86480712891
1528149945.66,-0.2021484375,0.90283203125,0.438720703125,-26.5579223633,-6.77490234375,-10.5819702148
1528149945.67,-0.2060546875,0.906982421875,0.43359375,-25.3219604492,-5.02014160156,-12.4740600586
1528149945.67,-0.219482421875,0.91748046875,0.43505859375,-25.3067016602,-4.94384765625,-12.3977661133
1528149945.68,-0.21728515625,0.922607421875,0.433349609375,-25.0473022461,-4.78363037109,-13.0996704102
1528149945.68,-0.220703125,0.925537109375,0.435791015625,-24.7421264648,-4.34112548828,-12.8326416016
1528149945.68,-0.22216796875,0.927734375,0.43212890625,-24.5895385742,-3.90625,-12.5503540039
1528149945.69,-0.228759765625,0.939697265625,0.4365234375,-24.1241455078,-3.08227539062,-12.7410888672
1528149945.69,-0.241455078125,0.94287109375,0.433349609375,-25.1846313477,-1.51062011719,-13.0310058594
1528149945.7,-0.24658203125,0.950439453125,0.42724609375,-25.6500244141,0.358581542969,-12.7182006836
1528149945.7,-0.254150390625,0.966064453125,0.43115234375,-26.5960693359,1.91497802734,-13.1530761719
1528149945.7,-0.255126953125,0.965087890625,0.42822265625,-26.6723632812,3.18145751953,-12.939453125
1528149945.71,-0.254150390625,0.967529296875,0.42431640625,-26.6036987305,3.82232666016,-13.4735107422
1528149945.71,-0.242919921875,0.96728515625,0.418701171875,-25.9780883789,3.46374511719,-13.3514404297
1528149945.72,-0.236083984375,0.96533203125,0.423828125,-26.0467529297,3.71551513672,-13.8549804688
1528149945.72,-0.224609375,0.944091796875,0.41015625,-26.9088745117,4.41741943359,-14.1143798828
1528149945.73,-0.212646484375,0.940185546875,0.40283203125,-27.34375,6.01196289062,-13.9694213867
1528149945.73,-0.196044921875,0.916748046875,0.39208984375,-27.9312133789,7.07244873047,-13.3666992188
1528149945.73,-0.178955078125,0.908447265625,0.39404296875,-29.0451049805,8.30841064453,-12.8936767578
1528149945.74,-0.16552734375,0.914794921875,0.3974609375,-29.8919677734,9.42993164062,-12.0010375977
1528149945.74,-0.16455078125,0.905517578125,0.387451171875,-29.8919677734,10.1318359375,-11.3525390625
1528149945.74,-0.158203125,0.919189453125,0.390869140625,-30.6854248047,10.9329223633,-10.871887207
1528149945.75,-0.1552734375,0.92138671875,0.390869140625,-31.4178466797,11.5127563477,-10.5514526367
1528149945.75,-0.156005859375,0.925048828125,0.379638671875,-31.9366455078,11.7340087891,-9.521484375
1528149945.76,-0.157470703125,0.940673828125,0.3759765625,-32.5088500977,11.8942260742,-9.32312011719
1528149945.76,-0.17041015625,0.937744140625,0.36962890625,-33.6380004883,12.7334594727,-8.88061523438
1528149945.77,-0.17626953125,0.9384765625,0.372314453125,-34.5458984375,13.5650634766,-8.75854492188
1528149945.77,-0.189697265625,0.936767578125,0.378662109375,-35.3698730469,14.6636962891,-9.00268554688
1528149945.78,-0.19970703125,0.908935546875,0.3642578125,-36.0107421875,16.1743164062,-8.37707519531
1528149945.78,-0.215087890625,0.90234375,0.368408203125,-37.6815795898,17.3950195312,-8.73565673828
1528149945.78,-0.235595703125,0.884033203125,0.374267578125,-38.8641357422,19.5236206055,-7.97271728516
1528149945.79,-0.248291015625,0.878173828125,0.37646484375,-37.9638671875,21.0952758789,-8.26263427734
1528149945.79,-0.265380859375,0.8701171875,0.371337890625,-37.2161865234,21.6445922852,-7.84301757812
1528149945.8,-0.2822265625,0.85791015625,0.368408203125,-37.109375,22.3007202148,-7.57598876953
1528149945.8,-0.310302734375,0.8505859375,0.363037109375,-35.8123779297,21.0342407227,-7.17926025391
1528149945.8,-0.3271484375,0.843994140625,0.373779296875,-35.4766845703,23.323059082,-8.38470458984
1528149945.81,-0.338134765625,0.846435546875,0.35693359375,-34.7213745117,23.5443115234,-8.22448730469
1528149945.82,-0.345458984375,0.842041015625,0.3505859375,-31.8984985352,22.4838256836,-10.0173950195
1528149945.83,-0.36474609375,0.825927734375,0.3369140625,-29.9377441406,21.1639404297,-10.6735229492
1528149945.83,-0.374755859375,0.81689453125,0.349609375,-28.6865234375,20.99609375,-10.5590820312
1528149945.83,-0.376708984375,0.828125,0.335205078125,-26.9927978516,20.6832885742,-10.7727050781
1528149945.84,-0.380859375,0.824951171875,0.336181640625,-27.0233154297,20.7901000977,-11.3143920898
1528149945.84,-0.37255859375,0.816650390625,0.3447265625,-26.2451171875,19.2489624023,-11.4288330078
1528149945.84,-0.36962890625,0.86279296875,0.34130859375,-25.5813598633,19.4854736328,-12.9470825195
1528149945.85,-0.3662109375,0.86767578125,0.329345703125,-25.7568359375,17.9061889648,-13.0920410156
1528149945.85,-0.356201171875,0.907470703125,0.33203125,-25.1693725586,15.1596069336,-14.3203735352
1528149945.86,-0.328857421875,0.926025390625,0.347412109375,-24.9099731445,14.0838623047,-14.7933959961
1528149945.86,-0.306640625,0.935546875,0.359375,-24.2004394531,12.8479003906,-15.6631469727
1528149945.87,-0.298095703125,0.92919921875,0.355224609375,-24.1851806641,12.5274658203,-15.1901245117
1528149945.87,-0.2939453125,0.947998046875,0.361572265625,-23.7197875977,12.2680664062,-15.6707763672
1528149945.87,-0.288330078125,0.9384765625,0.369873046875,-24.1012573242,11.9247436523,-15.3198242188
1528149945.88,-0.287109375,0.93359375,0.373046875,-23.9334106445,11.1999511719,-14.9993896484
1528149945.88,-0.284423828125,0.936767578125,0.37060546875,-24.299621582,10.8947753906,-14.8315429688
1528149945.89,-0.27490234375,0.92724609375,0.385498046875,-25.016784668,10.6353759766,-14.4271850586
1528149945.89,-0.26611328125,0.9208984375,0.3818359375,-25.0930786133,9.94873046875,-13.7634277344
1528149945.89,-0.264404296875,0.92236328125,0.389892578125,-26.0467529297,10.3302001953,-13.3514404297
1528149945.9,-0.2646484375,0.933837890625,0.394775390625,-26.8478393555,10.612487793,-13.9312744141
1528149945.9,-0.256103515625,0.93212890625,0.402587890625,-28.2897949219,11.3067626953,-12.7182006836
1528149945.91,-0.24658203125,0.933349609375,0.41455078125,-29.2205810547,11.3754272461,-12.7868652344
1528149945.91,-0.238037109375,0.940185546875,0.418212890625,-29.4189453125,11.5432739258,-11.8179321289
1528149945.91,-0.230712890625,0.950439453125,0.43212890625,-30.1284790039,12.1154785156,-11.9094848633
1528149945.92,-0.2265625,0.92041015625,0.416015625,-29.7927856445,12.4282836914,-11.1236572266
1528149945.92,-0.232177734375,0.93359375,0.43017578125,-32.096862793,14.0228271484,-11.344909668
1528149945.92,-0.233642578125,0.909423828125,0.431640625,-31.6619873047,14.778137207,-11.100769043
1528149945.93,-0.248046875,0.9111328125,0.427001953125,-32.1502685547,14.5950317383,-9.77325439453
1528149945.93,-0.25,0.903564453125,0.43505859375,-32.4935913086,14.8162841797,-9.58251953125
1528149945.94,-0.266845703125,0.892578125,0.42626953125,-33.203125,14.5034790039,-9.88006591797
1528149945.94,-0.275634765625,0.85791015625,0.430419921875,-34.5764160156,15.3198242188,-9.34600830078
1528149945.94,-0.285888671875,0.8564453125,0.4208984375,-34.0347290039,15.2053833008,-8.96453857422
1528149945.95,-0.288818359375,0.835693359375,0.43603515625,-33.2870483398,14.4805908203,-8.76617431641
1528149945.95,-0.298095703125,0.814453125,0.422119140625,-33.5540771484,14.7933959961,-7.98034667969
1528149945.96,-0.317138671875,0.776123046875,0.426025390625,-32.2113037109,13.7023925781,-6.19506835938
1528149945.97,-0.33056640625,0.75439453125,0.41943359375,-31.1126708984,14.9078369141,-4.31823730469
1528149945.97,-0.342041015625,0.75439453125,0.427978515625,-30.9219360352,15.5258178711,-4.25720214844
1528149945.98,-0.344970703125,0.744384765625,0.425048828125,-29.7698974609,16.11328125,-2.83050537109
1528149945.98,-0.341064453125,0.748046875,0.431396484375,-28.3508300781,17.1203613281,-1.71661376953
1528149945.98,-0.345703125,0.755126953125,0.435791015625,-27.0080566406,16.9296264648,-1.29699707031
1528149945.99,-0.35693359375,0.751220703125,0.434326171875,-25.3982543945,17.0822143555,-0.404357910156
1528149945.99,-0.356201171875,0.7470703125,0.440185546875,-24.6505737305,16.6091918945,-0.129699707031
1528149946.0,-0.35888671875,0.771728515625,0.44482421875,-22.9797363281,17.4331665039,-0.137329101562
1528149946.0,-0.360107421875,0.76123046875,0.442138671875,-21.4996337891,16.5023803711,0.747680664062
1528149946.01,-0.359130859375,0.7578125,0.444580078125,-20.0042724609,16.6854858398,2.12097167969
1528149946.01,-0.356689453125,0.739990234375,0.455810546875,-18.3715820312,16.5557861328,2.61688232422
1528149946.01,-0.3564453125,0.755615234375,0.44775390625,-18.3029174805,17.5476074219,2.24304199219
1528149946.02,-0.353515625,0.750244140625,0.452392578125,-17.6773071289,17.4407958984,3.12805175781
1528149946.02,-0.352783203125,0.765625,0.44091796875,-17.6086425781,17.7688598633,3.37982177734
1528149946.02,-0.33544921875,0.796630859375,0.469482421875,-16.2963867188,18.8674926758,3.18908691406
1528149946.03,-0.347412109375,0.823974609375,0.4521484375,-15.8462524414,19.157409668,3.25775146484
1528149946.03,-0.325927734375,0.8173828125,0.479248046875,-16.9677734375,19.9813842773,4.22668457031
1528149946.04,-0.320068359375,0.814453125,0.471923828125,-15.380859375,19.6228027344,5.13458251953
1528149946.04,-0.306640625,0.8408203125,0.46923828125,-15.2435302734,20.0500488281,4.73785400391
1528149946.04,-0.30224609375,0.85693359375,0.468505859375,-16.2658691406,21.0571289062,4.60815429688
1528149946.05,-0.2978515625,0.844970703125,0.48046875,-17.4407958984,21.2020874023,5.09643554688
1528149946.05,-0.298828125,0.866943359375,0.479736328125,-17.0669555664,21.3851928711,5.32531738281
1528149946.06,-0.298828125,0.86767578125,0.48291015625,-17.9061889648,22.7966308594,5.17272949219
1528149946.06,-0.2978515625,0.863037109375,0.47802734375,-18.0816650391,23.9334106445,5.92041015625
1528149946.06,-0.30078125,0.870361328125,0.465576171875,-17.8146362305,24.4903564453,7.01904296875
1528149946.07,-0.298828125,0.8798828125,0.468017578125,-18.0511474609,26.0162353516,7.64465332031
1528149946.07,-0.3037109375,0.885986328125,0.473388671875,-18.424987793,26.4358520508,7.98034667969
1528149946.08,-0.3115234375,0.885498046875,0.473876953125,-18.4020996094,27.099609375,9.07135009766
1528149946.08,-0.322509765625,0.8759765625,0.484619140625,-17.8604125977,26.8402099609,10.1165771484
1528149946.08,-0.33056640625,0.8828125,0.47216796875,-17.7230834961,26.3748168945,10.5285644531
1528149946.09,-0.33984375,0.865478515625,0.477783203125,-18.7377929688,25.993347168,11.7034912109
1528149946.09,-0.338134765625,0.861572265625,0.46728515625,-19.5999145508,26.4129638672,12.1307373047
1528149946.1,-0.35107421875,0.859619140625,0.462646484375,-20.2331542969,26.725769043,12.2375488281
1528149946.1,-0.358154296875,0.862548828125,0.4599609375,-20.3857421875,26.5808105469,13.0920410156
1528149946.1,-0.37646484375,0.862548828125,0.46728515625,-20.1873779297,26.4434814453,13.5498046875
1528149946.11,-0.3876953125,0.858154296875,0.478515625,-19.9279785156,26.4282226562,13.8320922852
1528149946.12,-0.408935546875,0.852294921875,0.484375,-20.8892822266,24.5742797852,13.1912231445
1528149946.13,-0.43603515625,0.845458984375,0.47607421875,-21.6827392578,25.1846313477,12.451171875
1528149946.13,-0.43505859375,0.82958984375,0.4619140625,-21.5606689453,24.6429443359,12.4664306641
1528149946.13,-0.435302734375,0.82763671875,0.4677734375,-21.5072631836,23.567199707,12.2375488281
1528149946.14,-0.423828125,0.818115234375,0.465576171875,-21.3241577148,23.6511230469,11.0702514648
1528149946.14,-0.42822265625,0.806640625,0.47705078125,-21.2249755859,23.4680175781,10.9558105469
1528149946.14,-0.4140625,0.78857421875,0.46826171875,-21.6522216797,22.8271484375,10.0555419922
1528149946.15,-0.39990234375,0.763916015625,0.478271484375,-20.9121704102,21.8200683594,9.78851318359
1528149946.15,-0.389892578125,0.74560546875,0.477783203125,-20.6298828125,21.7132568359,9.26971435547
1528149946.16,-0.37646484375,0.72607421875,0.4677734375,-20.2026367188,21.4538574219,9.36889648438
1528149946.16,-0.3583984375,0.710693359375,0.4716796875,-17.3950195312,20.8129882812,9.49096679688
1528149946.17,-0.350341796875,0.69091796875,0.45849609375,-15.3732299805,20.7290649414,10.1318359375
1528149946.17,-0.345947265625,0.6416015625,0.462890625,-12.7487182617,19.7219848633,11.8560791016
1528149946.18,-0.346435546875,0.621337890625,0.470703125,-11.4669799805,19.8059082031,10.5361938477
1528149946.18,-0.357421875,0.64208984375,0.474609375,-12.0849609375,20.1721191406,9.75799560547
1528149946.18,-0.36328125,0.604736328125,0.48046875,-9.44519042969,19.8059082031,10.7345581055
1528149946.19,-0.361328125,0.599853515625,0.46923828125,-8.6669921875,18.3181762695,9.61303710938
1528149946.19,-0.367919921875,0.578857421875,0.455078125,-8.20922851562,17.463684082,9.82666015625
1528149946.2,-0.378173828125,0.545166015625,0.45849609375,-6.38580322266,15.251159668,10.4675292969
1528149946.2,-0.380615234375,0.51708984375,0.45556640625,-5.23376464844,14.3051147461,10.0936889648
1528149946.21,-0.3896484375,0.490966796875,0.438232421875,-3.55529785156,12.9318237305,10.25390625
1528149946.21,-0.37939453125,0.458251953125,0.42138671875,-1.98364257812,12.336730957,10.0479125977
1528149946.21,-0.375732421875,0.438232421875,0.41162109375,-0.839233398438,10.9558105469,10.8108520508
1528149946.22,-0.36474609375,0.425048828125,0.391845703125,1.93023681641,9.36889648438,10.3378295898
1528149946.22,-0.3623046875,0.397216796875,0.3740234375,3.71551513672,8.82720947266,9.22393798828
1528149946.23,-0.359130859375,0.364501953125,0.370361328125,5.82122802734,8.46862792969,8.80432128906
1528149946.23,-0.36181640625,0.347900390625,0.3671875,8.13293457031,8.77380371094,9.84191894531
1528149946.23,-0.3759765625,0.359375,0.378173828125,11.9934082031,8.62121582031,9.96398925781
1528149946.24,-0.393798828125,0.336181640625,0.39013671875,14.8010253906,9.1552734375,10.4370117188
1528149946.25,-0.397216796875,0.356689453125,0.3759765625,19.0200805664,9.35363769531,10.2386474609
1528149946.25,-0.43798828125,0.4306640625,0.39501953125,21.4080810547,8.81195068359,10.7574462891
1528149946.26,-0.453125,0.510498046875,0.414306640625,23.3917236328,7.06481933594,10.3225708008
1528149946.27,-0.412109375,0.818359375,0.53857421875,26.6799926758,4.50897216797,-2.29644775391
1528149946.27,-0.36572265625,0.887451171875,0.55810546875,24.5132446289,4.06646728516,-6.12640380859
1528149946.28,-0.322021484375,0.928466796875,0.577880859375,21.8811035156,3.39508056641,-9.99450683594
1528149946.28,-0.292724609375,0.9814453125,0.585693359375,19.287109375,3.89099121094,-13.2446289062
1528149946.28,-0.255126953125,0.97900390625,0.608642578125,17.5170898438,4.07409667969,-14.4348144531
1528149946.29,-0.22998046875,1.01416015625,0.613037109375,16.7846679688,3.25012207031,-16.8380737305
1528149946.29,-0.22216796875,1.01000976562,0.618408203125,15.7928466797,2.67028808594,-17.8298950195
1528149946.29,-0.218017578125,0.979248046875,0.64208984375,16.0217285156,2.0751953125,-17.5704956055
1528149946.3,-0.23193359375,0.960205078125,0.644287109375,15.380859375,0.839233398438,-17.3110961914
1528149946.3,-0.246826171875,0.929443359375,0.6435546875,14.1754150391,0.694274902344,-17.5247192383
1528149946.31,-0.265869140625,0.88525390625,0.65380859375,12.0086669922,1.73187255859,-18.0282592773
1528149946.31,-0.30517578125,0.874755859375,0.66552734375,10.5056762695,3.48663330078,-18.2266235352
1528149946.32,-0.341064453125,0.8369140625,0.67578125,9.49096679688,4.43267822266,-17.5323486328
1528149946.32,-0.369873046875,0.823486328125,0.66259765625,9.14001464844,4.28771972656,-16.2124633789
1528149946.32,-0.400390625,0.819580078125,0.6748046875,9.04083251953,4.76837158203,-15.1214599609
1528149946.33,-0.441162109375,0.847412109375,0.6845703125,10.0631713867,3.75366210938,-14.3814086914
1528149946.33,-0.478515625,0.880859375,0.689697265625,11.0626220703,2.14385986328,-14.0380859375
1528149946.34,-0.501953125,0.915283203125,0.6767578125,13.069152832,-2.34222412109,-13.6642456055
1528149946.34,-0.51708984375,0.947998046875,0.666748046875,14.762878418,-6.65283203125,-14.1906738281
1528149946.34,-0.5234375,0.979736328125,0.6572265625,16.9067382812,-11.3067626953,-14.8468017578
1528149946.35,-0.534423828125,1.0068359375,0.643798828125,19.3939208984,-15.0985717773,-16.487121582
1528149946.35,-0.53369140625,1.02172851562,0.617919921875,21.6217041016,-19.7677612305,-16.6702270508
1528149946.36,-0.520263671875,1.0224609375,0.600830078125,23.9486694336,-23.8571166992,-17.463684082
1528149946.36,-0.50927734375,1.02905273438,0.593994140625,25.1007080078,-26.3824462891,-18.5165405273
1528149946.36,-0.493896484375,1.01635742188,0.5927734375,26.0848999023,-27.717590332,-18.7377929688
1528149946.37,-0.46826171875,1.03247070312,0.60205078125,26.8173217773,-28.2516479492,-19.6380615234
1528149946.37,-0.44091796875,1.02758789062,0.60595703125,27.4276733398,-28.8772583008,-19.9356079102
1528149946.38,-0.417724609375,1.02978515625,0.60595703125,27.7938842773,-29.4952392578,-20.2026367188
1528149946.38,-0.396484375,1.0439453125,0.601318359375,27.3895263672,-30.6015014648,-21.4157104492
1528149946.38,-0.375,1.048828125,0.601806640625,26.123046875,-31.8832397461,-22.0031738281
1528149946.39,-0.34716796875,1.05639648438,0.583251953125,25.8483886719,-33.2107543945,-22.3236083984
1528149946.39,-0.3388671875,1.06323242188,0.5771484375,25.2685546875,-34.1491699219,-23.0865478516
1528149946.4,-0.313720703125,1.06030273438,0.5576171875,24.3606567383,-35.1867675781,-23.2772827148
1528149946.4,-0.280517578125,1.04907226562,0.53759765625,23.6892700195,-35.9649658203,-23.0255126953
1528149946.4,-0.260009765625,1.03491210938,0.532958984375,23.8037109375,-36.8804931641,-22.2396850586
1528149946.41,-0.23583984375,1.0263671875,0.528076171875,23.6358642578,-37.3840332031,-22.0947265625
1528149946.42,-0.196044921875,1.0126953125,0.555908203125,21.7056274414,-34.782409668,-19.4702148438
1528149946.43,-0.168701171875,0.97802734375,0.537841796875,20.7672119141,-34.2559814453,-18.4936523438
1528149946.43,-0.169677734375,0.955322265625,0.51513671875,19.1497802734,-33.3633422852,-17.5552368164
1528149946.43,-0.163818359375,0.9228515625,0.501953125,17.7536010742,-33.0123901367,-16.4260864258
1528149946.44,-0.162841796875,0.91455078125,0.497314453125,16.9525146484,-32.844543457,-15.5639648438
1528149946.44,-0.1630859375,0.87841796875,0.4873046875,15.2206420898,-31.8145751953,-15.1519775391
1528149946.44,-0.16259765625,0.861572265625,0.474609375,13.3285522461,-30.3115844727,-15.2435302734
1528149946.45,-0.165283203125,0.81787109375,0.475341796875,11.9094848633,-29.4036865234,-14.0151977539
1528149946.45,-0.167724609375,0.7841796875,0.458740234375,10.627746582,-28.4194946289,-12.1231079102
1528149946.46,-0.156494140625,0.75,0.453125,9.85717773438,-27.34375,-11.3983154297
1528149946.46,-0.15185546875,0.74267578125,0.440185546875,8.20159912109,-26.3214111328,-11.71875
1528149946.46,-0.14013671875,0.697509765625,0.4267578125,6.49261474609,-24.8260498047,-10.9176635742
1528149946.47,-0.1357421875,0.6767578125,0.41845703125,6.87408447266,-24.3606567383,-10.3378295898
1528149946.47,-0.136474609375,0.65380859375,0.406494140625,7.02667236328,-24.0020751953,-9.49096679688
1528149946.48,-0.1396484375,0.62841796875,0.41064453125,8.01849365234,-23.7503051758,-8.46862792969
1528149946.48,-0.1259765625,0.547607421875,0.392333984375,8.56781005859,-23.567199707,-7.01141357422
1528149946.48,-0.117919921875,0.547607421875,0.385986328125,8.20159912109,-22.8958129883,-6.69860839844
1528149946.49,-0.0947265625,0.485595703125,0.38330078125,7.88879394531,-21.3851928711,-5.24139404297
1528149946.49,-0.071044921875,0.43798828125,0.37939453125,7.95745849609,-20.1873779297,-3.16619873047
1528149946.5,-0.05322265625,0.387451171875,0.37158203125,8.55255126953,-18.7606811523,-1.50299072266
1528149946.5,-0.05322265625,0.35009765625,0.366455078125,8.45336914062,-18.2189941406,0.411987304688
1528149946.5,-0.04833984375,0.318359375,0.37451171875,8.82720947266,-17.0364379883,2.01416015625
1528149946.51,-0.0537109375,0.27490234375,0.375244140625,8.68988037109,-16.2048339844,3.95965576172
1528149946.51,-0.05224609375,0.24267578125,0.372314453125,8.52966308594,-14.5950317383,6.01196289062
1528149946.52,-0.0546875,0.221435546875,0.377685546875,8.91876220703,-13.3972167969,7.33184814453
1528149946.52,-0.069580078125,0.19677734375,0.36962890625,9.44519042969,-10.7650756836,8.63647460938
1528149946.52,-0.081298828125,0.18603515625,0.3671875,10.4370117188,-7.87353515625,10.612487793
1528149946.53,-0.083251953125,0.1875,0.370361328125,10.9710693359,-4.16564941406,12.7716064453
1528149946.53,-0.08056640625,0.19091796875,0.371826171875,12.6419067383,0.450134277344,15.2740478516
